8.443 -2.45189
7.68831 7.02654
1.80694 5.57448
5.62553 -4.0422
2.61575 -1.3118
7.43415 2.27159
4.81398 -5.34063
12.7665 3.21963
0.737483 -7.62891
12.6057 4.04764
18.0185 -3.43706
-6.52722 -2.07547
2.54591 -0.526068
10.0036 0.557697
15.9811 -0.740055
6.16186 -12.6659
-0.999288 6.78116
7.97215 5.48344
15.7389 -0.169527
-3.30742 5.54044
2.98323 1.21605
7.41233 -2.50936
5.86554 -5.88536
12.3362 -5.03828
11.3709 10.1133
19.9914 -2.10165
3.68214 15.4907
-3.78969 -4.82245
11.3353 3.59878
-0.850517 -3.49141
7.69011 2.85806
8.7716 -6.51772
15.2255 -4.92162
4.0336 -12.1709
18.0279 -2.15846
-5.77165 4.61799
2.97703 -3.12057
9.69332 -3.00618
3.44892 6.72355
7.52547 6.02657
14.2761 -4.48325
-2.20356 -6.26005
9.4513 5.10704
-0.117392 2.82305
10.2274 0.384534
4.38441 -7.34619
1.18997 0.681794
7.19009 0.740145
5.1692 5.04217
2.90289 2.71877
5.93169 -2.41783
2.97463 1.00271
6.16978 -1.71953
2.89661 0.458345
6.15731 1.45216
3.7886 2.80672
5.58963 -2.90138
8.43645 5.01928
1.05529 3.66686
4.97822 -0.432393
11.8736 -0.987835
-0.348664 -4.59925
5.37315 -2.59141
4.0061 -2.61226
4.34919 -1.14463
9.57164 3.23641
5.49642 7.68571
3.15749 5.80429
11.8683 3.60253
-1.74032 -1.8923
8.83355 1.88023
15.1925 0.686267
12.9671 -11.1062
5.42874 13.4144
-3.49907 -1.34087
7.19975 2.88897
4.01655 -4.75909
12.8697 1.05157
-1.82738 -3.18334
6.89576 2.72092
10.0498 -5.56503
16.1317 -4.28185
4.34871 12.8433
-2.518 2.654
10.9267 0.0174791
16.7405 0.120536
-2.53722 -8.2664
13.5256 4.16192
17.9285 -5.43997
14.3995 -13.5536
19.7414 10.6024
25.9188 -0.530727
28.0638 -5.25049
1.54837 -21.9104
-8.78306 -5.20636
4.37463 -7.31954
2.27763 3.7136
9.4252 3.18041
10.463 -7.56711
-1.5353 3.97352
6.88008 -3.21857
12.6142 3.95391
14.7951 -8.10356
11.3575 13.0709
16.6451 -10.824
-1.31133 -12.8686
14.773 -7.82377
-2.75258 7.95181
14.0458 2.96074
13.3292 -10.1721
-0.494407 -10.3814
0.388946 3.34717
10.6162 0.650062
16.4744 0.765296
4.23316 12.6446
-2.6657 0.194698
9.50837 1.51555
9.43315 -7.56822
12.6203 8.50064
19.424 -4.20402
15.3586 -14.0936
24.2301 3.83055
14.0289 -18.6758
0.770978 -17.2314
18.7204 8.68816
18.4547 -12.7788
22.6656 10.3634
25.7192 -9.14077
-13.6479 -2.86124
19.0762 -1.32985
13.9155 14.108
-3.39564 -11.0205
1.80481 6.8358
10.8988 4.85673
6.55387 -9.43537
13.4864 -7.37337
-4.19404 -1.58263
7.87402 3.58395
14.866 -0.871034
5.4465 11.6363
-1.81007 3.06696
9.72281 -2.2691
11.7752 -7.03875
15.3711 -8.1311
21.2646 4.1924
12.9162 -16.6276
-6.1963 9.06539
16.5656 1.94908
4.00616 12.7322
-2.01926 -3.69262
11.3595 -0.223155
-0.775142 -2.36931
8.7488 1.84839
8.39841 -7.14244
8.954 8.76815
15.3366 6.83297
20.2432 -5.5246
24.3916 3.62112
14.0332 -18.7819
-1.86052 15.9553
14.5973 -11.028
15.3716 12.6438
16.5922 13.4057
-8.84365 -2.73855
5.2267 -6.86753
6.18335 -6.66092
15.2361 0.710033
19.9307 2.55902
4.55126 15.7012
7.00629 -13.0402
4.68934 -11.3704
15.5251 -6.33949
3.50632 -12.6407
12.4311 9.51301
18.0572 7.46129
14.4135 -14.254
5.2759 15.9866
3.44242 12.6732
2.12487 -8.70958
1.70796 -3.44213
9.42484 2.72391
2.8832 5.95119
11.4238 4.03297
-0.27022 5.05315
10.0397 -3.4969
15.8052 -3.3784
-4.507 -3.27951
12.2838 1.23819
6.45572 9.75533
16.6152 -3.6548
21.3913 2.42994
11.738 -16.8125
9.27237 -16.3543
20.9987 7.56543
-1.8517 14.8923
-1.11659 -7.81161
12.0948 4.80463
18.3595 1.03761
14.8213 -13.034
19.821 -10.4679
21.8338 -11.4103
-11.6086 -1.98071
15.6525 5.49514
15.9923 -10.5948
-7.17849 2.26614
13.9157 -1.12719
19.15 0.651366
-6.21039 5.748
6.81545 6.6653
1.47739 -3.95179
5.84515 -2.59772
3.18438 1.73053
9.40109 2.53838
13.2006 5.80005
14.5534 9.49249
16.7054 10.8368
13.1179 15.0855
7.26581 -15.9762
15.7077 -11.7359
21.4053 8.14572
-9.71273 -4.68673
0.484063 -4.23608
6.19652 -2.89514
4.11889 3.85686
9.7308 4.16922
14.8842 -4.93284
18.9571 6.10734
14.5983 14.5029
-8.36158 -1.81732
5.36714 -6.31886
10.1073 -6.2888
-1.29158 2.08786
8.57691 -1.87741
8.67596 6.99139
13.9917 -6.59977
20.2839 1.50766
18.0343 -12.8096
11.3073 -17.3847
3.70056 16.024
7.22979 13.134
19.2487 -4.16182
2.36875 -14.714
16.3821 8.47903
9.75913 14.6518
-5.98497 1.66338
12.0545 2.87339
-1.82204 1.34576
7.60865 -1.76935
5.18418 -5.579
12.9222 3.59061
2.90699 -9.44362
3.92425 6.77296
13.4546 -3.07603
5.84002 10.8281
7.39504 9.82342
10.4854 9.51746
19.1017 2.25569
20.4632 -9.02477
-9.29682 -4.57602
12.3807 7.03755
0.73017 8.77192
1.5925 -2.92079
5.76039 -1.43774
3.71713 -2.05341
8.84067 -3.29161
13.9099 4.69343
0.991585 9.42393
0.508416 -1.15938
8.91408 0.436073
5.14906 -6.54589
13.2724 -4.07346
0.381954 -8.08241
10.8448 5.81453
12.3428 8.83445
9.29784 -12.0734
12.6948 -11.2507
2.14864 -12.2439
1.11689 7.17783
3.86053 -4.07882
11.4699 -2.8541
11.1611 8.91167
-2.24531 -5.05827
12.1363 1.57879
14.2036 -7.57466
14.7544 10.9643
18.7913 -9.99034
25.0096 0.736834
-4.81772 -15.374
-4.84097 -1.11142
11.8626 -0.932359
-1.42572 -1.33178
7.75946 -1.54214
13.7243 -2.69959
16.7536 6.97053
-6.21884 2.92528
2.80269 1.79333
9.59973 -2.12753
3.27428 6.28836
10.6246 5.02799
16.7498 3.44462
-4.28329 -6.02248
11.2969 -4.90769
16.6546 4.71056
5.49025 -13.617
16.6009 7.99913
18.9549 9.865
7.75439 -17.0929
19.4436 -9.72194
19.2683 13.2464
22.2777 12.0854
0.15799 18.6979
19.8127 -9.17749
14.563 -16.1883
-0.255452 15.3394
10.9101 11.9232
4.19778 -12.3575
16.8448 -5.54798
22.1702 0.709669
1.20122 16.3911
9.80261 13.0239
-4.03182 5.02914
2.9342 0.963442
5.75447 -1.03042
4.03501 2.48018
5.92909 -3.17304
11.9415 3.66156
15.13 -7.00049
14.8633 11.4353
21.2951 6.9512
23.3685 -9.21734
-6.17685 14.2439
13.4277 11.1717
1.27158 -12.2474
15.8493 -5.95166
-4.5875 -4.99931
2.7506 1.38141
5.85669 -1.21229
5.45059 -4.0489
8.48527 5.41019
10.1022 7.77133
17.8554 -2.61496
12.9829 -13.5495
21.0226 -7.46885
17.3209 15.2207
6.26303 -18.3647
5.28514 -15.2834
-3.49698 5.93197
3.95002 3.73425
9.92857 -3.89755
16.162 2.48854
-3.3493 -6.50625
6.08471 -5.53201
3.99095 -5.2162
6.99337 -5.15694
13.9893 -3.52831
17.7938 6.10717
-2.9821 10.2908
15.8715 3.39215
20.5086 -3.48104
17.1837 -13.8781
-9.09934 -4.45606
1.14424 4.32405
5.20047 2.22866
10.4429 3.81051
6.4976 -8.76525
10.6282 -8.32367
16.6995 -6.39953
15.9544 -11.8919
21.7974 -7.94013
-7.20718 -10.6382
-1.41214 4.13346
9.85398 -2.96205
10.7391 -7.76255
13.9909 -8.74549
9.02737 13.1594
2.95745 -11.7285
16.6394 4.35837
17.4708 9.98292
-7.94107 -2.23809
12.7357 -4.59757
15.7222 7.59623
-3.48338 -7.95373
10.8028 6.35592
16.5498 5.23872
21.8684 0.723562
13.3144 16.6781
-3.92635 -12.2163
-0.529073 5.7126
12.5888 0.0885789
9.58623 9.94557
-3.04777 0.255498
5.58227 0.375844
12.4712 -0.204575
8.48504 -9.96654
15.1711 7.63059
21.3811 -2.34836
-4.69608 -11.6153
12.7682 8.81613
-2.5944 6.4683
2.60713 -1.4148
6.97291 2.13923
2.18786 -0.51537
8.19489 -1.7876
11.5013 5.72416
2.41976 8.63077
15.1655 -0.276322
-1.16308 -7.95503
1.59284 -0.561112
6.90698 0.794089
6.66004 -5.39816
2.18358 -3.63413
6.8894 -3.20476
12.4467 4.14445
-1.79068 3.77958
5.34743 -2.03925
10.5759 3.78509
13.8844 6.79165
18.2183 6.96318
-4.66943 -9.10691
12.5752 -6.78973
-2.23583 5.09307
7.71564 -4.44068
1.00455 -1.3357
7.60943 1.27871
1.82778 -0.0915724
6.55407 -0.229647
10.7957 -4.43951
1.35252 -6.55863
12.6892 -2.59085
2.5911 -8.83682
6.06762 7.10914
15.2342 1.89045
-4.12523 -1.94892
5.28993 2.44492
3.40012 0.75903
10.7259 -0.580512
2.7306 6.78808
6.52162 -5.66359
8.45107 -6.89533
11.9673 -7.77169
3.49472 10.4888
2.8967 -7.22376
2.06328 1.87682
6.62538 1.75766
2.5561 -0.659091
9.9173 0.885159
10.088 -7.68683
-2.14496 0.166116
7.72371 -1.69879
13.5314 -3.07081
-0.706229 -6.88625
11.5385 -4.26
17.7521 1.31056
-5.26878 5.16983
2.36585 -1.76867
7.4624 2.30114
8.12943 -6.24597
2.12377 -5.72134
7.51462 -4.85805
3.87317 -5.84929
5.4835 -5.0165
5.22919 -5.26046
3.958 -4.34431
4.89927 3.53416
12.0395 -2.653
13.5471 8.15486
17.1602 -8.7239
20.7158 -8.68783
7.98412 17.9711
5.97729 -15.6013
9.44009 13.2879
-4.01576 5.06544
2.83367 -0.226977
7.6662 2.24957
9.80349 6.13183
1.7013 6.77491
13.528 -0.817991
9.80559 10.6908
-0.217444 -8.19491
14.1218 -2.35254
-1.5156 -6.37394
13.0384 1.44418
-0.714366 5.84765
6.7457 4.54292
3.29225 -4.49092
8.9893 -4.3435
10.0776 -7.71198
-2.02582 -1.59486
9.05967 1.7696
1.81927 -4.04135
11.3244 -1.23272
1.96704 -6.83011
10.8968 -4.89295
1.97078 -7.41383
11.3715 5.12802
12.9697 -8.65392
-2.20838 -7.16764
11.366 4.96706
-1.38629 -3.21957
9.77535 2.17073
16.0034 -0.343384
10.1144 -12.6299
-4.76336 -2.15836
4.33018 2.00878
6.7195 -3.59766
11.0099 5.30295
13.2106 -8.27206
-3.03798 -5.80072
13.2378 -0.0854041
16.172 -6.73612
10.9255 -13.7063
8.3959 -14.0168
2.11893 11.6734
1.24149 -6.66395
12.5343 2.97454
-1.7985 3.19398
10.8806 -0.548759
14.4248 -5.88925
-3.12986 -5.61168
7.67872 -5.13034
0.673345 0.949389
7.37363 0.68898
7.76572 -5.91997
15.0229 3.42122
13.0851 -11.2282
12.0326 13.1911
17.7218 -10.4648
0.165277 14.4812
-0.0370859 -8.34466
4.71019 5.80891
13.7659 1.59666
-1.58059 -5.57886
3.65712 -1.63016
4.81136 0.304933
7.02144 -3.7306
14.3276 -0.648794
6.64604 -11.3937
-2.4256 -1.63022
5.76087 0.672789
4.77041 3.3316
3.36455 0.425145
9.60077 -2.19047
1.68447 4.70923
9.7835 3.58165
3.92284 7.2695
14.4828 1.28174
1.68388 -9.76727
1.25903 4.17489
8.44378 3.46014
5.11228 6.70476
1.46135 1.65623
9.50018 -0.933693
0.386999 0.601974
8.03388 0.571509
4.69699 5.53235
2.24192 -0.743257
8.9814 -1.61468
9.14344 7.21021
4.35605 -8.57316
0.580206 -2.03228
6.31011 -0.0549541
5.39637 4.32507
6.94438 -5.43093
7.38919 7.02619
3.97775 -7.09653
3.70515 4.88995
11.191 3.72919
11.0898 8.91663
2.20119 9.7963
7.51259 8.01764
3.12354 7.31313
7.9812 6.36178
4.83116 -7.52518
1.49302 -2.97306
5.71446 -1.3638
3.47889 1.28421
8.09397 2.96519
13.0818 -4.66153
0.965493 -8.59936
5.27125 -6.36223
6.95295 -6.52631
3.40111 6.08682
12.6432 -3.09125
17.2337 -4.81227
20.1589 -7.554
2.92007 -16.456
9.34513 13.3026
10.7866 12.7036
0.840442 11.2467
-0.963714 1.0279
8.44216 1.03687
1.34604 -1.42326
6.44362 0.183519
4.19758 -3.48369
4.92453 -3.09599
6.67742 4.46161
3.95867 4.99437
4.01878 -3.18487
11.6175 1.93437
15.5397 5.65027
-3.97219 -5.62569
6.30898 -5.24343
2.69702 -3.86632
5.19109 2.51641
4.87327 3.39449
6.83115 -4.60516
6.27205 -6.36021
1.59262 -3.16413
9.2278 -2.55408
0.681181 -2.25994
7.23161 -1.72489
8.35313 -5.93709
1.90915 -5.48788
10.068 4.16306
16.3426 -2.52293
-5.22485 0.330567
5.49342 3.35535
5.86691 -4.68711
12.0407 -4.44545
13.3352 8.77324
0.167289 -10.0856
15.6127 -2.67674
18.6285 -6.9011
8.3262 -15.8892
21.8628 3.71063
3.41937 17.1388
14.7024 -12.27
7.62849 15.3153
9.68463 -13.584
16.2457 10.4943
-3.02105 -10.8596
-0.127679 3.90613
9.22083 2.87837
14.2149 -4.59273
-3.68751 2.49432
11.314 1.30459
3.21127 -7.7512
14.6783 0.672165
-0.0259141 8.58859
1.14143 0.411409
7.76244 0.941126
8.00487 -6.25542
4.5147 7.34207
14.8672 -0.62111
9.23162 11.8403
19.9115 1.54312
-7.95279 0.87885
11.0319 5.63737
-1.90962 -0.168224
6.75291 -0.892606
4.43108 4.118
12.5325 -1.6957
-1.2529 4.09207
7.19407 -3.32745
13.7411 -2.69241
13.1416 9.95222
0.0420567 10.5162
12.9667 -6.79048
19.6041 1.56924
-6.19478 -6.78592
1.3243 -3.07674
5.83627 -1.58087
8.81048 -4.76889
14.3302 -4.91557
-3.98714 1.78896
11.4435 -0.604079
15.1205 -5.7743
-0.503554 -9.76479
0.45149 2.05111
9.45963 -0.832144
4.00398 6.46105
4.20675 4.75274
3.1356 -1.4561
9.3789 -2.39752
13.4713 -5.48095
-1.31422 -6.97247
8.61889 5.64236
16.1885 -0.930292
14.8245 -11.0319
8.473 14.7756
0.738549 11.53
-1.20127 0.876441
7.98801 1.18955
2.67625 3.66068
4.79701 1.70326
9.77135 3.66691
1.46199 5.19295
10.2757 -3.66715
14.7543 -5.52844
-4.07166 3.62721
4.758 -2.91889
11.0864 -3.22732
12.2433 8.20499
2.0302 -10.1677
14.4275 -5.24306
-3.63424 3.93134
4.11736 1.80818
7.23025 3.51421
3.9763 5.01703
5.41417 -4.4206
5.20014 -4.84025
12.8583 -2.94915
2.47698 -8.99319
3.29024 -5.78846
12.0594 -3.44876
18.0279 -0.358217
7.38718 -14.4121
-3.77603 -5.40221
12.8129 2.15378
16.1506 -6.45024
20.3684 6.37092
-8.60647 -3.96495
3.18311 5.85359
8.44521 5.31185
15.2472 -3.34404
7.6117 -12.4816
15.0573 -9.32637
15.5194 -12.0095
14.4501 14.3125
23.7348 -4.14184
-4.37205 14.78
-1.73772 -7.56421
9.95816 -5.89214
9.5648 9.12337
17.54 -4.56175
9.28464 14.4418
20.309 6.09437
-5.60034 -10.1377
-1.20522 -1.05413
6.73174 -0.179736
9.23458 5.24394
16.3339 1.65011
19.149 -6.9421
24.0814 -2.62848
-6.00232 13.3978
16.5786 8.02163
21.813 5.12713
24.9569 -5.81408
-12.1996 3.49751
-0.589897 -5.41237
12.1453 -1.33673
7.61867 -9.76751
6.29736 9.76258
2.03627 -7.12821
2.26576 -1.51376
9.85504 1.14497
4.82289 -7.27344
14.8128 -1.52638
6.04835 11.7521
18.4696 -1.48051
-2.29453 -10.6651
12.7987 7.28966
-1.06123 -7.53255
2.38044 2.3355
10.0921 -1.65552
2.04355 -5.6088
3.27401 0.686438
9.04565 -2.46342
15.0749 -2.48926
16.4433 8.83852
-6.36811 -4.074
10.3557 5.57019
16.1152 4.75755
21.3419 -1.63969
22.2695 -9.46606
21.5101 13.8644
-1.00461 18.3863
5.47782 -14.5135
17.6815 7.76417
-5.42542 7.64367
11.6843 -6.53124
-1.85905 4.18019
10.1934 2.92987
16.0339 -2.72933
19.575 5.9433
-1.29814 -13.468
0.514893 7.81916
14.25 0.485888
0.6476 8.72087
2.11057 3.77589
10.087 2.76042
0.0599439 2.63648
6.72537 1.68115
5.8766 -5.12324
2.1958 -2.28291
5.5147 0.494517
11.4719 -2.75069
15.1905 6.11275
6.60026 -13.0244
8.46017 -11.672
18.2353 -5.31375
-2.55571 10.93
12.7967 -7.59145
15.033 9.6033
6.74682 -14.2157
9.7047 12.4725
17.8754 -7.89377
3.73279 -15.039
20.3947 0.192153
12.3382 15.7292
7.89236 -15.9925
-5.32559 5.097
2.1884 -1.00183
9.16685 -1.53161
6.65158 -7.31184
1.11962 3.89776
9.43571 -2.90934
0.24534 1.5044
6.98738 -0.679407
10.6606 -4.94607
16.0047 -4.93122
-3.30709 -7.18668
11.9691 4.92957
6.71759 -10.2759
12.7313 -8.60672
-4.27729 0.641606
11.3141 -0.994696
-1.03678 -0.945971
6.98045 0.47029
9.76292 -5.31213
0.2525 -4.36321
9.06523 -3.33019
9.83268 -7.50554
8.04361 9.89584
18.0833 1.55192
-5.5511 5.21468
12.6416 3.94719
18.3011 -2.47716
6.95233 14.7372
-4.08468 4.88815
5.85725 4.62373
13.8576 -1.15202
8.78547 -11.0966
7.16983 -11.2922
3.67314 9.78713
0.809316 -4.27003
8.77879 -3.3885
15.3529 1.61456
19.6471 -4.10694
21.7102 8.35898
14.4308 17.4647
16.5753 -15.9672
15.695 16.7269
20.1724 -13.7314
-0.498613 -17.575
-5.22992 4.77616
11.7742 -4.22613
13.9656 -8.03536
9.28231 12.8258
20.1715 3.50433
6.97221 -16.3466
20.5044 6.76506
8.18011 17.2723
2.3131 14.1922
15.7415 8.50892
21.8764 3.51719
17.3054 15.087
26.3626 0.393036
-5.71237 -16.0269
6.33207 13.509
-1.37593 -7.38567
9.72739 5.75661
0.109048 4.41585
5.89705 2.8399
12.0277 -3.34599
8.80091 -9.95536
18.3948 -2.22483
-2.69747 -10.261
14.0299 5.97338
19.0137 5.24516
23.2612 -4.00951
-3.3415 -15.0981
6.28599 12.2514
1.40628 8.82463
14.5364 -2.89501
18.8209 -4.84844
21.7119 7.33038
-4.51399 -13.3974
19.296 0.560277
1.97626 14.2201
19.2473 2.3267
16.3791 -13.0517
3.01524 -15.996
20.3782 -4.04421
-0.508105 -14.2777
6.55044 -11.3371
15.6947 7.10722
2.88266 12.798
-0.296721 -6.42703
10.5036 -4.49718
5.91547 -8.89984
16.4893 1.00996
-4.45561 4.41865
11.1342 3.92144
9.06563 9.38338
9.87587 10.2679
-2.33405 4.80666
5.15095 3.18685
12.3489 -2.13727
17.8478 -1.88157
8.47931 14.3494
-1.65235 9.19925
4.88051 -6.79536
14.6782 -0.446092
3.21311 10.7285
12.5251 7.73275
-2.56544 -5.20029
3.43555 -0.827945
10.6886 -0.874074
5.78791 8.28935
0.894522 3.86376
7.34906 -3.10528
13.8283 2.60157
-2.89293 -2.83851
7.75168 -3.23282
11.4617 5.75867
7.34226 10.2405
-0.867223 4.79474
4.34987 -1.36789
7.75413 3.63961
7.89473 -6.85184
6.5456 8.23532
8.31953 -8.40974
13.7523 7.51479
14.2099 10.8913
18.4691 9.77465
-7.0095 -7.3601
0.648602 -3.47443
8.31194 -2.8103
10.1341 6.68707
-1.14186 -3.2822
10.0411 1.88754
2.92374 -6.40621
6.60916 -5.4591
2.10341 -3.50133
4.73714 0.176886
4.70513 -1.87772
12.0063 0.612306
17.5985 0.604358
-0.629202 11.1348
-0.404465 -2.99456
6.9965 -2.19927
2.14981 -0.446694
7.83159 -1.74849
9.47194 6.24849
0.209729 -4.66035
8.6803 3.66953
10.3888 7.1508
-0.562814 5.33641
5.48895 3.48179
10.0501 -4.77892
2.30204 -6.84049
12.8294 3.16479
12.9952 -9.31651
-2.68523 -7.03254
9.46838 5.84045
9.94922 -8.68375
1.34505 -8.20513
9.19618 -6.54328
12.0786 8.05547
0.649594 -8.99296
5.77226 -6.86048
3.9695 -5.93309
13.4755 -1.62258
4.60601 10.3142
-1.02211 0.51383
8.60887 0.68327
13.1045 -4.65568
6.37071 -11.0056
-1.19774 -4.34686
4.62342 1.26877
6.83606 -3.65461
1.82567 0.577879
6.96837 -1.13253
12.7061 -3.12256
10.7061 10.1115
0.223846 -8.85007
8.9932 7.01233
11.0127 -8.61138
19.1836 -0.0754817
-5.84396 -6.62384
1.32674 -2.32486
10.1105 -0.362732
6.26632 7.90573
3.67078 6.81095
6.04757 -5.87374
10.5186 6.25653
16.7045 -4.48259
-4.63105 -5.64821
4.03885 -4.29565
4.13056 2.69759
11.8553 -0.844507
-1.35296 1.7116
6.6839 -1.14645
6.57431 5.23453
4.15705 5.51632
7.67523 -5.51629
13.5278 5.15943
-2.16429 5.55386
3.35398 1.07397
