42.1809 35.9769
35.9769 37.4794
37.4794 40.2692
40.2692 38.9318
38.9318 42.4308
42.4308 35.643
35.643 36.9771
36.9771 39.1952
39.1952 41.4475
41.4475 37.0065
37.0065 39.2518
39.2518 41.2716
41.2716 37.2681
37.2681 39.7893
39.7893 39.8982
39.8982 39.6643
39.6643 40.1815
40.1815 39.0959
39.0959 41.7816
41.7816 36.5263
36.5263 38.3724
38.3724 43.529
43.529 34.2544
34.2544 35.092
35.092 36.1981
36.1981 37.8286
37.8286 41.194
41.194 37.3855
37.3855 40.0493
40.0493 39.3543
39.3543 40.9711
40.9711 37.732
37.732 40.9147
40.9147 37.8218
37.8218 41.1724
41.1724 37.4192
37.4192 40.127
40.127 39.2019
39.2019 41.4271
41.4271 37.0366
37.0366 39.3107
39.3107 41.0957
41.0957 37.5371
37.5371 40.4071
40.4071 38.6794
38.6794 43.9707
43.9707 33.7228
33.7228 34.4283
34.4283 35.3165
35.3165 36.51
36.51 38.3455
38.3455 43.344
43.344 34.482
34.482 35.3842
35.3842 36.6054
36.6054 38.5107
38.5107 45.0577
45.0577 32.4543
32.4543 32.923
32.923 33.471
33.471 34.1239
34.1239 34.9289
34.9289 35.9761
35.9761 37.4798
37.4798 40.2695
40.2695 38.93
38.93 42.4375
42.4375 35.6345
35.6345 36.965
36.965 39.1716
39.1716 41.5239
41.5239 36.8947
36.8947 39.036
39.036 42.0029
42.0029 36.2187
36.2187 37.8609
37.8609 41.2913
41.2913 37.2389
37.2389 39.7262
39.7262 40.0388
40.0388 39.3757
39.3757 40.9125
40.9125 37.8262
37.8262 41.1855
41.1855 37.399
37.399 40.0804
40.0804 39.2926
39.2926 41.1493
41.1493 37.4537
37.4537 40.2074
40.2074 39.0469
39.0469 41.9615
41.9615 36.2748
36.2748 37.9517
37.9517 41.5823
41.5823 36.8103
36.8103 38.8782
38.8782 42.6798
42.6798 35.3182
35.3182 36.5106
36.5106 38.3465
38.3465 43.3516
43.3516 34.4719
34.4719 35.3712
35.3712 36.587
36.587 38.4785
38.4785 44.5382
44.5382 33.0535
33.0535 33.6226
33.6226 34.3078
34.3078 35.162
35.162 36.2943
36.2943 37.9848
37.9848 41.6938
41.6938 36.6499
36.6499 38.5882
38.5882 45.2023
45.2023 32.2888
32.2888 32.7328
32.7328 33.2484
33.2484 33.8564
33.8564 34.5951
34.5951 35.5332
35.5332 36.8186
36.8186 38.8947
38.8947 42.6006
42.6006 35.4218
35.4218 36.6571
36.6571 38.6021
38.6021 44.9211
44.9211 32.6114
32.6114 33.1046
33.1046 33.6854
33.6854 34.3846
34.3846 35.2605
35.2605 36.4313
36.4313 38.2116
38.2116 42.6039
42.6039 35.4169
35.4169 36.6505
36.6505 38.5898
38.5898 45.1563
45.1563 32.3413
32.3413 32.793
32.793 33.3186
33.3186 33.9406
33.9406 34.6993
34.6993 35.6702
35.6702 37.0184
37.0184 39.2757
39.2757 41.1985
41.1985 37.3795
37.3795 40.0357
40.0357 39.3809
39.3809 40.8972
40.8972 37.85
37.85 41.2576
41.2576 37.2895
37.2895 39.8361
39.8361 39.7957
39.7957 39.8836
39.8836 39.6943
39.6943 40.1118
40.1118 39.2307
39.2307 41.3354
41.3354 37.1719
37.1719 39.586
39.586 40.3679
40.3679 38.7502
38.7502 43.4119
43.4119 34.3977
34.3977 35.2752
35.2752 36.452
36.452 38.2466
38.2466 42.7761
42.7761 35.1951
35.1951 36.3387
36.3387 38.0574
38.0574 41.9554
41.9554 36.2841
36.2841 37.9668
37.9668 41.6323
41.6323 36.7385
36.7385 38.7468
38.7468 43.4363
43.4363 34.3689
34.3689 35.2384
35.2384 36.4002
36.4002 38.1597
38.1597 42.3685
42.3685 35.7261
35.7261 37.0999
37.0999 39.4384
39.4384 40.7417
40.7417 38.1036
38.1036 42.1329
42.1329 36.0416
36.0416 37.5796
37.5796 40.5144
40.5144 38.4899
38.4899 44.6951
44.6951 32.8716
32.8716 33.4081
33.4081 34.048
34.048 34.8335
34.8335 35.8482
35.8482 37.284
37.284 39.8251
39.8251 39.8192
39.8192 39.8319
39.8319 39.8047
39.8047 39.865
39.865 39.7344
39.7344 40.0201
40.0201 39.4127
39.4127 40.8107
40.8107 37.99
37.99 41.7105
41.7105 36.6267
36.6267 38.5467
38.5467 46.3299
46.3299 31.0218
31.0218 31.3103
31.3103 31.6329
31.6329 31.993
31.993 32.3987
32.3987 32.8618
32.8618 33.3991
33.3991 34.0372
34.0372 34.8199
34.8199 35.83
35.83 37.257
37.257 39.7662
39.7662 39.9492
39.9492 39.5571
39.5571 40.4389
40.4389 38.6231
38.6231 44.5932
44.5932 32.9904
32.9904 33.5478
33.5478 34.2169
34.2169 35.0464
35.0464 36.1356
36.1356 37.7291
37.7291 40.9086
40.9086 37.8321
37.8321 41.2034
41.2034 37.3714
37.3714 40.0181
40.0181 39.4173
39.4173 40.799
40.799 38.009
38.009 41.7782
41.7782 36.531
36.531 38.3805
38.3805 43.5897
43.5897 34.1816
34.1816 34.9998
34.9998 36.0722
36.0722 37.6288
37.6288 40.6401
40.6401 38.2741
38.2741 42.9178
42.9178 35.0148
35.0148 36.091
36.091 37.6584
37.6584 40.7171
40.7171 38.1442
38.1442 42.2992
42.2992 35.8177
35.8177 37.2367
37.2367 39.7233
39.7233 40.0459
40.0459 39.3606
39.3606 40.9536
40.9536 37.7603
37.7603 40.9947
40.9947 37.6951
37.6951 40.8139
40.8139 37.9848
37.9848 41.6936
41.6936 36.6509
36.6509 38.5899
38.5899 45.1612
45.1612 32.3354
32.3354 32.7862
32.7862 33.3108
33.3108 33.9311
33.9311 34.6875
34.6875 35.6545
35.6545 36.9954
36.9954 39.231
39.231 41.3346
41.3346 37.1735
37.1735 39.5892
39.5892 40.3604
40.3604 38.7642
38.7642 43.3203
43.3203 34.5115
34.5115 35.4227
35.4227 36.6599
36.6599 38.607
38.607 44.8374
44.8374 32.7067
32.7067 33.2154
33.2154 33.8172
33.8172 34.5466
34.5466 35.4698
35.4698 36.7273
36.7273 38.7277
38.7277 43.5698
43.5698 34.2048
34.2048 35.029
35.029 36.1119
36.1119 37.6915
37.6915 40.8061
40.8061 37.998
37.998 41.7389
41.7389 36.5865
36.5865 38.4764
38.4764 44.5125
44.5125 33.0842
33.0842 33.6588
33.6588 34.352
34.352 35.2186
35.2186 36.3729
36.3729 38.1142
38.1142 42.1774
42.1774 35.9815
35.9815 37.4865
37.4865 40.2857
40.2857 38.9002
38.9002 42.5756
42.5756 35.4542
35.4542 36.7034
36.7034 38.6846
38.6846 43.9183
43.9183 33.7846
33.7846 34.5043
34.5043 35.4148
35.4148 36.649
36.649 38.5872
38.5872 45.2161
45.2161 32.2737
32.2737 32.7155
32.7155 33.2283
33.2283 33.8324
33.8324 34.5654
34.5654 35.4944
35.4944 36.7626
36.7626 38.7919
38.7919 43.1462
43.1462 34.7276
34.7276 35.7056
35.7056 37.0708
37.0708 39.3802
39.3802 40.8994
40.8994 37.847
37.847 41.2477
41.2477 37.3037
37.3037 39.8671
39.8671 39.7297
39.7297 40.0306
40.0306 39.3915
39.3915 40.8682
40.8682 37.8967
37.8967 41.4018
41.4018 37.0736
37.0736 39.3848
39.3848 40.887
40.887 37.8659
37.8659 41.3061
41.3061 37.2157
37.2157 39.6774
39.6774 40.1503
40.1503 39.1565
39.1565 41.5746
41.5746 36.8208
36.8208 38.8977
38.8977 42.5862
42.5862 35.4403
35.4403 36.6836
36.6836 38.6494
38.6494 44.2706
44.2706 33.3675
33.3675 33.9969
33.9969 34.7696
34.7696 35.763
35.763 37.1563
37.1563 39.5536
39.5536 40.4466
40.4466 38.6096
38.6096 44.8
44.8 32.7505
32.7505 33.2664
33.2664 33.878
33.878 34.6217
34.6217 35.5681
35.5681 36.8693
36.8693 38.989
38.989 42.187
42.187 35.9677
35.9677 37.4656
37.4656 40.2362
40.2362 38.9931
38.9931 42.1706
42.1706 35.9906
35.9906 37.5007
37.5007 40.3198
40.3198 38.8376
38.8376 42.8884
42.8884 35.0514
35.0514 36.141
36.141 37.7376
37.7376 40.9315
40.9315 37.7948
37.7948 41.0933
41.0933 37.5411
37.5411 40.4177
40.4177 38.661
38.661 44.1462
44.1462 33.5133
33.5133 34.1729
34.1729 34.9905
34.9905 36.0596
36.0596 37.6094
37.6094 40.5896
40.5896 38.36
38.36 43.4415
43.4415 34.3616
34.3616 35.229
35.229 36.3874
36.3874 38.1384
38.1384 42.276
42.276 35.8482
35.8482 37.2828
37.2828 39.8223
39.8223 39.8257
39.8257 39.8182
39.8182 39.8342
39.8342 39.8
39.8 39.8749
39.8749 39.7122
39.7122 40.0707
40.0707 39.312
39.312 41.0915
41.0915 37.543
37.543 40.4218
40.4218 38.6528
38.6528 44.2347
44.2347 33.4099
33.4099 34.0479
34.0479 34.8333
34.8333 35.8479
35.8479 37.2837
37.2837 39.8243
39.8243 39.8209
39.8209 39.8282
39.8282 39.8128
39.8128 39.8475
39.8475 39.772
39.772 39.936
39.936 39.5841
39.5841 40.3721
40.3721 38.7421
38.7421 43.4672
43.4672 34.3304
34.3304 35.189
35.189 36.3318
36.3318 38.0465
38.0465 41.914
41.914 36.3412
36.3412 38.0603
38.0603 41.9666
41.9666 36.2688
36.2688 37.9419
37.9419 41.5492
41.5492 36.8583
36.8583 38.9679
38.9679 42.2745
42.2745 35.8507
35.8507 37.2866
37.2866 39.8306
39.8306 39.8085
39.8085 39.8565
39.8565 39.7523
39.7523 39.9795
39.9795 39.4947
39.4947 40.596
40.596 38.3489
38.3489 43.3663
43.3663 34.4537
34.4537 35.3477
35.3477 36.5536
36.5536 38.4208
38.4208 43.916
43.916 33.787
33.787 34.5073
34.5073 35.4187
35.4187 36.6545
36.6545 38.5975
38.5975 45.0089
45.0089 32.5109
32.5109 32.9882
32.9882 33.5479
33.5479 34.2169
34.2169 35.0465
35.0465 36.1355
36.1355 37.7293
37.7293 40.9081
40.9081 37.8325
37.8325 41.2044
41.2044 37.3695
37.3695 40.0138
40.0138 39.4255
39.4255 40.7772
40.7772 38.046
38.046 41.911
41.911 36.3457
36.3457 38.0678
38.0678 41.994
41.994 36.2302
36.2302 37.8797
37.8797 41.3488
41.3488 37.152
37.152 39.5437
39.5437 40.4712
40.4712 38.5662
38.5662 45.8912
45.8912 31.5116
31.5116 31.8539
31.8539 32.2414
32.2414 32.6814
32.6814 33.1887
33.1887 33.7853
33.7853 34.5072
34.5072 35.4187
35.4187 36.6545
36.6545 38.5969
38.5969 45.0155
45.0155 32.5028
32.5028 32.9789
32.9789 33.5368
33.5368 34.2037
34.2037 35.0295
35.0295 36.1126
36.1126 37.6925
37.6925 40.8088
40.8088 37.9938
37.9938 41.7238
41.7238 36.6078
36.6078 38.5138
38.5138 45.1166
45.1166 32.3864
32.3864 32.8449
32.8449 33.3793
33.3793 34.0133
34.0133 34.7901
34.7901 35.7903
35.7903 37.1971
37.1971 39.6391
39.6391 40.2401
40.2401 38.9854
38.9854 42.2022
42.2022 35.9474
35.9474 37.4342
37.4342 40.1623
40.1623 39.1328
39.1328 41.6543
41.6543 36.7069
36.7069 38.6898
38.6898 43.874
43.874 33.8384
33.8384 34.5707
34.5707 35.5013
35.5013 36.7725
36.7725 38.8101
38.8101 43.0395
43.0395 34.8607
34.8607 35.8829
35.8829 37.3365
37.3365 39.9404
39.9404 39.5745
39.5745 40.3953
40.3953 38.7007
38.7007 43.7849
43.7849 33.9456
33.9456 34.7035
34.7035 35.6756
35.6756 37.0265
37.0265 39.2917
39.2917 41.151
41.151 37.4519
37.4519 40.203
40.203 39.0556
39.0556 41.9281
41.9281 36.3213
36.3213 38.0279
38.0279 41.8462
41.8462 36.4361
36.4361 38.2186
38.2186 42.6374
42.6374 35.3738
35.3738 36.5892
36.5892 38.4823
38.4823 44.5926
44.5926 32.9899
32.9899 33.5473
33.5473 34.2163
34.2163 35.0455
35.0455 36.1345
36.1345 37.7273
37.7273 40.9035
40.9035 37.8406
37.8406 41.2279
41.2279 37.3336
37.3336 39.9328
39.9328 39.5912
39.5912 40.3558
40.3558 38.7723
38.7723 43.2671
43.2671 34.5764
34.5764 35.507
35.507 36.7807
36.7807 38.8247
38.8247 42.9559
42.9559 34.9662
34.9662 36.0252
36.0252 37.5554
37.5554 40.4542
40.4542 38.5962
38.5962 45.0375
45.0375 32.4775
32.4775 32.9498
32.9498 33.5025
33.5025 34.162
34.162 34.977
34.977 36.0412
36.0412 37.5806
37.5806 40.5162
40.5162 38.4866
38.4866 44.6477
44.6477 32.9266
32.9266 33.4727
33.4727 34.1259
34.1259 34.9314
34.9314 35.9795
35.9795 37.4847
37.4847 40.2821
40.2821 38.9076
38.9076 42.5398
42.5398 35.4999
35.4999 36.7694
36.7694 38.8039
38.8039 43.075
43.075 34.8165
34.8165 35.8238
35.8238 37.2473
37.2473 39.7453
39.7453 39.9952
39.9952 39.463
39.463 40.6776
40.6776 38.2105
38.2105 42.5952
42.5952 35.4277
